{
    "calibration_date": "2025-11-02 20:10:40.007875",
    "camera_resolution": {
        "type_id": "opencv-matrix",
        "rows": 2,
        "cols": 1,
        "dt": "d",
        "data": [ 1600.0, 1304.0 ]
    },
    "camera_matrix": {
        "type_id": "opencv-matrix",
        "rows": 3,
        "cols": 3,
        "dt": "d",
        "data": [ 966.85371839149309, 0.0, 792.59524206028857, 0.0,
            966.95923170939261, 703.31666886872517, 0.0, 0.0, 1.0 ]
    },
    "distortion_coefficients": {
        "type_id": "opencv-matrix",
        "rows": 1,
        "cols": 5,
        "dt": "d",
        "data": [ 0.18157627229471812, -0.24984502994628116, 0.0, 0.0,
            0.11545743579195793 ]
    }
}
