{
    "calibration_date": "2025-10-06 15:38:55.937556",
    "camera_resolution": {
        "type_id": "opencv-matrix",
        "rows": 2,
        "cols": 1,
        "dt": "d",
        "data": [ 1600.0, 1304.0 ]
    },
    "camera_matrix": {
        "type_id": "opencv-matrix",
        "rows": 3,
        "cols": 3,
        "dt": "d",
        "data": [ 1891.2667456580361, 0.0, 718.64468909237189, 0.0,
            1885.7132996077148, 746.06045440435776, 0.0, 0.0, 1.0 ]
    },
    "distortion_coefficients": {
        "type_id": "opencv-matrix",
        "rows": 1,
        "cols": 14,
        "dt": "d",
        "data": [ -9.273327086144759, 64.551599812521602,
            0.0094816286277567101, -0.011060224892535794,
            94.13999491849863, -9.2939044955452914, 64.50041065973069,
            93.948020405483973, 0.0, 0.0, 0.0, 0.0, 0.0, 0.0 ]
    }
}
