{
    "calibration_date": "2025-11-02 21:07:29.897172",
    "camera_resolution": {
        "type_id": "opencv-matrix",
        "rows": 2,
        "cols": 1,
        "dt": "d",
        "data": [ 1600.0, 1304.0 ]
    },
    "camera_matrix": {
        "type_id": "opencv-matrix",
        "rows": 3,
        "cols": 3,
        "dt": "d",
        "data": [ 964.80107099768202, 0.0, 806.43028225319631, 0.0,
            965.13445356618001, 617.36244397094674, 0.0, 0.0, 1.0 ]
    },
    "distortion_coefficients": {
        "type_id": "opencv-matrix",
        "rows": 1,
        "cols": 5,
        "dt": "d",
        "data": [ 0.17500335330543085, -0.24810802702230617, 0.0, 0.0,
            0.11507721344763125 ]
    }
}
