{
    "calibration_date": "2025-10-30 18:47:13.599397",
    "camera_resolution": {
        "type_id": "opencv-matrix",
        "rows": 2,
        "cols": 1,
        "dt": "d",
        "data": [ 1600.0, 1304.0 ]
    },
    "camera_matrix": {
        "type_id": "opencv-matrix",
        "rows": 3,
        "cols": 3,
        "dt": "d",
        "data": [ 946.11611157954553, 0.0, 764.63778450038728, 0.0,
            941.30914612655647, 705.13616830456988, 0.0, 0.0, 1.0 ]
    },
    "distortion_coefficients": {
        "type_id": "opencv-matrix",
        "rows": 1,
        "cols": 14,
        "dt": "d",
        "data": [ 0.46972208068634247, 1.1701083607283107,
            -0.00056971233906190507, -0.0068881223961130451,
            -1.7566125665805759, 0.29491181085938101, 1.3490750018684339,
            -1.785156105558702, 0.0, 0.0, 0.0, 0.0, 0.0, 0.0 ]
    }
}
