{
    "calibration_date": "2025-11-02 21:30:25.019003",
    "camera_resolution": {
        "type_id": "opencv-matrix",
        "rows": 2,
        "cols": 1,
        "dt": "d",
        "data": [ 1600.0, 1304.0 ]
    },
    "camera_matrix": {
        "type_id": "opencv-matrix",
        "rows": 3,
        "cols": 3,
        "dt": "d",
        "data": [ 966.84277606060448, 0.0, 765.36975123681827, 0.0,
            966.16419407629564, 628.53238543506961, 0.0, 0.0, 1.0 ]
    },
    "distortion_coefficients": {
        "type_id": "opencv-matrix",
        "rows": 1,
        "cols": 5,
        "dt": "d",
        "data": [ 0.18011168773993044, -0.264404202465786, 0.0, 0.0,
            0.12929041252032716 ]
    }
}
