{
    "calibration_date": "2025-12-25 12:03:46.472688",
    "camera_resolution": {
        "type_id": "opencv-matrix",
        "rows": 2,
        "cols": 1,
        "dt": "d",
        "data": [ 1600.0, 1304.0 ]
    },
    "camera_matrix": {
        "type_id": "opencv-matrix",
        "rows": 3,
        "cols": 3,
        "dt": "d",
        "data": [ 807.51355116217769, 0.0, 768.2599266734951, 0.0,
            228.69878909075533, 575.53256404237345, 0.0, 0.0, 1.0 ]
    },
    "distortion_coefficients": {
        "type_id": "opencv-matrix",
        "rows": 1,
        "cols": 5,
        "dt": "d",
        "data": [ -0.0080485303361102836, -0.0032713323337365181, 0.0,
            0.0, 0.00024393893119024324 ]
    }
}
