{
    "calibration_date": "2025-11-02 21:17:15.381427",
    "camera_resolution": {
        "type_id": "opencv-matrix",
        "rows": 2,
        "cols": 1,
        "dt": "d",
        "data": [ 1600.0, 1304.0 ]
    },
    "camera_matrix": {
        "type_id": "opencv-matrix",
        "rows": 3,
        "cols": 3,
        "dt": "d",
        "data": [ 959.37404391716871, 0.0, 838.28200447240454, 0.0,
            958.3785646578624, 597.03273243487536, 0.0, 0.0, 1.0 ]
    },
    "distortion_coefficients": {
        "type_id": "opencv-matrix",
        "rows": 1,
        "cols": 5,
        "dt": "d",
        "data": [ 0.16264326064087434, -0.21637137004073961, 0.0, 0.0,
            0.091885155938757901 ]
    }
}
