{
    "calibration_date": "2025-09-29 22:47:06.850048",
    "camera_resolution": {
        "type_id": "opencv-matrix",
        "rows": 2,
        "cols": 1,
        "dt": "d",
        "data": [ 1304.0, 1600.0 ]
    },
    "camera_matrix": {
        "type_id": "opencv-matrix",
        "rows": 3,
        "cols": 3,
        "dt": "d",
        "data": [ 2622.6977207503573, 0.0, 395.13245274984882, 0.0,
            2667.6927190398151, 1309.4865902066006, 0.0, 0.0, 1.0 ]
    },
    "distortion_coefficients": {
        "type_id": "opencv-matrix",
        "rows": 1,
        "cols": 5,
        "dt": "d",
        "data": [ -0.037375373519794065, 5.9676088877637028,
            0.10740423463569557, -0.062879469874724661,
            -32.15272290982135 ]
    }
}
