{
    "calibration_date": "2025-10-31 11:19:43.747382",
    "camera_resolution": {
        "type_id": "opencv-matrix",
        "rows": 2,
        "cols": 1,
        "dt": "d",
        "data": [ 1600.0, 1304.0 ]
    },
    "camera_matrix": {
        "type_id": "opencv-matrix",
        "rows": 3,
        "cols": 3,
        "dt": "d",
        "data": [ 954.84839440465259, 0.0, 828.77788173023089, 0.0,
            950.82666063051636, 638.26490675915466, 0.0, 0.0, 1.0 ]
    },
    "distortion_coefficients": {
        "type_id": "opencv-matrix",
        "rows": 1,
        "cols": 14,
        "dt": "d",
        "data": [ -2.5373291983802009, -28.612748600181412,
            0.0052949073884999785, 0.0064164627692011884,
            107.32726570753071, -2.8258576225951311, -26.207495368927358,
            101.8228579053569, 0.0, 0.0, 0.0, 0.0, 0.0, 0.0 ]
    }
}
