{
    "calibration_date": "2025-11-02 19:45:36.105393",
    "camera_resolution": {
        "type_id": "opencv-matrix",
        "rows": 2,
        "cols": 1,
        "dt": "d",
        "data": [ 1600.0, 1304.0 ]
    },
    "camera_matrix": {
        "type_id": "opencv-matrix",
        "rows": 3,
        "cols": 3,
        "dt": "d",
        "data": [ 944.21324772566641, 0.0, 792.06447736205303, 0.0,
            944.95266865595613, 707.23420401313183, 0.0, 0.0, 1.0 ]
    },
    "distortion_coefficients": {
        "type_id": "opencv-matrix",
        "rows": 1,
        "cols": 14,
        "dt": "d",
        "data": [ 19.847654021902027, 7.5626845687718358,
            0.00073078328373421683, -0.00012748582079393381,
            48.588855754095682, 19.597235840976417, 5.283938492217513,
            48.502921404010422, 0.0, 0.0, 0.0, 0.0, 0.0, 0.0 ]
    }
}
