{
    "calibration_date": "2025-03-19 23:14:17.841516",
    "camera_matrix": {
        "type_id": "opencv-matrix",
        "rows": 3,
        "cols": 3,
        "dt": "i",
        "data": [ 1000, 0, 320, 0, 1000, 240, 0, 0, 1 ]
    },
    "distortion_coefficients": {
        "type_id": "opencv-matrix",
        "rows": 5,
        "cols": 1,
        "dt": "d",
        "data": [ 0.10000000000000001, -0.20000000000000001, 0.0, 0.0,
            0.050000000000000003 ]
    }
}
